가드닝 파티 레스토랑 클로슈				6										9										6					2						6								9	3			3																													3															25	2,532	2*2	189	47.25	25,320	50,640	25,320
가든 그릴 테이블			10																					34	15																			42				3																					24	5																					71	7,150	6*3	603	33.50	71,505	143,010	71,505
강철														3																					2								1	2																																1															-	395	-	-	-	3,954	7,908	3,954
골든벨 트리플 벽조명				20												12										4														12			12	11				8	2																											10															73	7,329	5*4	542	27.10	73,296	146,592	73,296
골든벨 플로어 스탠드				10												6																								6			6	4				4	1																											5															22	2,293	2*2	163	40.75	22,938	45,876	22,938
금 막대기																																																1																																											-	117	-	-	-	1,176	2,352	1,176
금속 막대기																																												1																																															-	42	-	-	-	429	858	429
금속판																																												2																																															-	87	-	-	-	871	1,742	871
기다란 철제 장미 울타리																																												6			2																																6	12											10	1,012	5*1	120	24.00	10,122	20,244	10,122
깔끔한 화이트 사무용 칠판														3										6		4									2								13	1				4																											2	4				2				5							52	5,235	4*2	360	45.00	52,351	104,702	52,351
깔끔한 화이트 철제 캐비닛																3								6	12															3			1	1					1																			12								1				6											22	2,249	2*2	160	40.00	22,499	44,998	22,499
깔끔한 화이트 프레임 세계지도																		9						60																		9	9			6	8																					25			6											3	5	5							67	6,714	5*5	558	22.32	67,148	134,296	67,148
깔끔한 화이트 프레임 유리 보조 탁자														12		9																			8					9			13	11					2																											13															54	5,451	3*4	410	34.17	54,511	109,022	54,511
깔끔한 화이트 프레임 유리 책상														12		12								3	6										8					12			18	18			2		3																							10				18				3											118	11,834	7*3	845	40.24	118,341	236,682	118,341
꽃병이 있는 정물 액자		20												24		12	12	9						60											16					12		49	49	12		6	8			4		6		6														25			6				14	18				8		3	5	5							282	28,230	4*5	919	45.95	282,300	564,600	282,300
꿈속의 유니콘 드링크 디스펜서	3	3		66				44	33	16		8		156	39	102	8	9				30	60	117	24			16	12				8		80					102	6	69	195	159			26	30	18	18					4								12			24	8	12				40				141				32	12										2,805	280,562	4*2	2,043	255.38	2,805,625	5,611,250	2,805,625
꿈속의 유니콘 엔젤 하프		96		24					30			20		96		36								32	24				24						64					36	20	124	44					10		24													11												28	88	104		32	100											852	85,218	4*2	1,010	126.25	852,184	1,704,368	852,184
꿈속의 유리콘 사자의 포효 샘물				112										102		102	48							72	172	60	48		12	48					68					102	48	12	196	195				65	18	12								3				32	60			8		96		80					8	126	72	16		56											3,349	334,969	5*9	4,042	89.82	3,349,698	6,699,396	3,349,698
네이비 도트 원도어 냉장고														3	8		10																		2							18	5	3			3																													5															36	3,641	4*2	329	41.13	36,414	72,828	36,414
노블레스 골드라인 샤워기				6										21		9	24							12	38	20	24		6	24					14					9	24	6	54	46						6											8개	16	10							40					4	24	36	8		4											645	64,552	5*7	1,608	45.94	645,526	1,291,052	645,526
노블레스 골드라인 수건 보관함	2	24		22								5		18		3	24							8	38		24		10						12					3			27	7				10		2																									7	18	26		18	25											248	24,897	3*3	592	65.78	248,976	497,952	248,976
노블레스 골든 파티션														9		3										4									6					3			10	16						2																		10			12					10															66	6,645	4*1	230	57.50	66,458	132,916	66,458
노블레스 다이아몬드 스톤 기둥벽																	24							80	20		20			30												80	40			48	10					12		12								8														40						24									337	33,772	2*10	845	42.25	337,723	675,446	337,723
노블레스 매그놀리아 라이트				10										3		9			6											9					2	9				9	9		8	6				4	1	2										3개	3개									15				6		7		3													109	10,924	2*2	269	67.25	109,240	218,480	109,240
노블레스 스타케이지 조명	1	1		10					3					6	1	12		3						1											4					12	2	3	13	9				4	2	2																										9															81	8,187	2*2	248	62.00	81,870	163,740	81,870
노블레스 스톤 케이브 냉장고	8		12					8			16	8		102	72	24	98	12						12				48					8		68					24		192	90	85			47		8														5						16							78															985	98,554	6*9	2,680	49.63	985,546	1,971,092	985,546
노블레스 실버라인 모노클	24							24	12					60		75								76	64	32		84							40					51			67	93		10	24	14	12									10					12					10			30				20	67	8	4	4	36		5		16							1,066	106,656	-	-	-	1,066,564	-	1,066,564
노블레스 철제 스토브									6					15			12								13	6	10			15					10						4	40	5	20		10	10	4						12																						5						5				25					254	25,429	4*3	815	67.92	254,295	508,590	254,295
노블레스 철제 오븐				60												36									15															36			36	94				24	6														15													30															286	28,604	4*3	781	65.08	286,046	572,092	286,046
노블레스 철제 환풍기				100										60		84								48	96	20									40					84			88	103				55	18														5					96								78				48											935	93,510	7*6	2,378	56.62	935,106	1,870,212	935,106
노블레스 침실 벽조명	3	3		42										9	3	6								25	34		16		21	24				18	6					6			11	12			10	2	1	4																		8								11	32														248	24,862	4*5	862	43.10	248,621	497,242	248,621
노블레스 파울로니아 협탁				37					5					3		3								2	14	14			13					4	2					3			2	2			3	3		2																										2															154	15,491	3*3	524	58.22	154,918	309,836	154,918
노블레스 하얀 아네모네 화병		48		12								10		36		6								16	12				12						24					6			54	14						4													3												14	36	52		16	50											243	24,339	3*3	571	63.44	243,392	486,784	243,392
다이아몬드 반지																																																2											1																																-	881	-	-	-	8,810	17,620	8,810
대롱대롱 전등 파티션														3												2									2								4	5																								3								4															14	1,489	4*1	127	31.75	14,897	29,794	14,897
로즈우드 앤틱 문																								15	16																			9																																		1		6											20	2,084	6*10	423	7.05	20,846	41,692	20,846
로즈우드 앤틱 재봉틀				8																				3	10				12															6																																			4	3											14	1,427	4*2	195	24.38	14,275	28,550	14,275
루비 브로치				3																									3																			1									1																																		-	717	-	-	-	7,173	14,346	7,173
못																																												1																																															-	42	-	-	-	429	858	429
백금 과일 접시				6										15	4	3							3	17					2						6					3			9	4			3			2																		2								4															36	3,645	2*2	235	58.75	36,450	72,900	36,450
버블 퐁퐁 스펀지				8						5							2																										1	7																																1															11	1,168	2*2	116	29.00	11,686	23,372	11,686
버터쿠키 베스트 셀렉션								4				6				3							6					22		5										3			4	1					1																											4															29	2,904	3*2	206	34.33	29,042	58,084	29,042
별빛 숲속 캠핑장 간이 조리대				28					12					39	4	15							3	54	96				12			4		20	22					15	8		36	56			12		2	6												18						16			2					14											40				712	71,241	5*3	1,191	79.40	712,415	1,424,830	712,415
사파이어 팔찌																																																1										1										1			3																				-	989	-	-	-	9,890	19,780	9,890
산뜻한 봄날 스탠드		6		17																									3														2	3																																2															6	639	2*2	87	21.75	6,399	12,798	6,399
스모크 BBQ 그릴																								10	3																			10																									3																						10	1,008	3*3	159	17.67	10,084	20,168	10,084
시멘트																																														2																																				1									-	164	-	-	-	1,649	3,298	1,649
식기 세트																									1																			1																																															-	113	-	-	-	1,132	2,264	1,132
실키 노블레스 벽조명				30										6		3								6	6				9					18	4					3			9	6			6	2	1	2																										9															97	9,732	5*3	699	46.60	97,325	194,650	97,325
심플 스탠드				5																																							2	1																																2															2	212	2*2	50	12.50	2,125	4,250	2,125
앨리스 키친 벽램프				7																				2	2				2					4									2	1			2																													2															13	1,301	2*2	120	30.00	13,012	26,024	13,012
올디 커피 그라인더									3					3		3		3																	2					3	2	3	5	3					1																											2															23	2,331	2*2	158	39.50	23,314	46,628	23,314
유러피안 레이스 램프				7																					2				2														2	1																																2															4	455	2*2	76	19.00	4,556	9,112	4,556
은 막대기																																															1																																												-	90	-	-	-	909	1,818	909
접견실 백금 촛대									3	5				3		3									2										2					3	2		3	3				3		2																										3										5					33	3,387	2*2	223	55.75	33,876	67,752	33,876
조리 도구 세트																									2																			4																																															-	347	-	-	-	3,479	6,958	3,479
지그재그 물조리개																								2																		3		4																																															4	417	2*2	71	17.75	4,175	8,350	4,175
지그재그 주전자																								2																		2		2																																															1	198	2*2	47	11.75	1,982	3,964	1,982
진주 목걸이					10																																6						14	2			3												1													9				14									3						47	4,739	-	-	-	47,392	94,784	47,392
짧은 철제 장미 울타리																																												3			1																																3	6											3	370	3*1	49	16.33	3,709	7,418	3,709
초록잎 러너 티 테이블				48										24		18	4												16						16					18			26	22					4																											26															168	16,811	6*4	1,095	45.63	168,112	336,224	168,112
초록잎 프레시니스 냉장고	2		3					2			4	2		3	8	6	12	3						3				12					2		2					6		23	10	5			3		2																				4							7															95	9,500	4*2	409	51.13	95,009	190,018	95,009
캔																																												1		1																																													-	163	-	-	-	1,634	3,268	1,634
컵홀더 수저통																									1																		3	1			3																																												7	732	2*2	84	21.00	7,327	14,654	7,327
클래식 철제 난로																									3																			10																																															6	629	3*3	128	14.22	6,299	12,598	6,299
통통비치 아이스 박스															4		5																									9	2	2																																2															9	987	3*3	157	17.44	9,877	19,754	9,877
통통비치 아이스 와인통									4																																	2	1	3																																1															5	546	2*2	82	20.50	5,463	10,926	5,463
통통비치 조개 의자																									8																					6																																				8									12	1,240	3*3	172	19.11	12,400	24,800	12,400
통통비치 조개 테이블																																											3			10																														3						10									13	1,367	3*3	185	20.56	13,671	27,342	13,671
통통비치 철제 야외 의자														3										2										4	2								1	6																																1															12	1,240	2*2	120	30.00	12,072	24,144	12,072
통통비치 해변 파라솔	3			32																				11	3				12															10																																						2									16	1,627	5*5	295	11.80	16,276	32,552	16,276
티타임 투도어 발코니 창	24							24	12							30								76	64	32		84												6			2	38		10	4	4	2																										20	2	8	4	4	36		5		16							333	33,319	9*10	2,369	26.32	333,192	666,384	333,192
팬 식기 우드 행거																									5																			6																																															7	790	4*4	147	9.19	7,904	15,808	7,904
포포레스랜드 관람차 모형	2	2		494					6			70		153	2	117	38	6						129	138	73	43		204	27	63	30		278	102					96	4	6	241	162		12	75	74	16	52									9			30						12			12				54	258	6		10	82		6		30			30				5,729	572,977	4*3	3,855	321.25	5,729,771	11,459,542	5,729,771
포포레스랜드 그린 범퍼카	10	312		198					60			65		294		141	120		24					104	238		120		98	36					196	36				141	76	248	261	65				86	10	66				5									22							60				24	91	294	338	12	154	325											5,077	507,782	3*3	3,075	341.67	5,077,820	10,155,640	5,077,820
포포레스랜드 미니 회전목마	6	8		105						5				72	6	54	63							118	194	65	137		42	111	5	24		64	48					54			152	136			20	24	6	24					1			2				18	7			9	33	70			66				2	135	130			2				5							6,454	645,425	4*4	2,993	187.06	6,454,256	12,908,512	6,454,256
포포레스랜드 옐로우 범퍼카	10	312		198					60			65		294		141	120		24					104	238		120		98	36					196	36				141	76	248	261	65				86	10	66		5											22							60				24	91	294	338	12	154	325											5,077	507,782	3*3	3,075	341.67	5,077,820	10,155,640	5,077,820
포포레스랜드 캔디 크레인 머신	2		3	180				50			4	26		3	8	114	12	15	8	10				3	47			118		10			30		2					114		43	148	289		6	9	80	20														45						4							97		14													1,711	171,120	3*2	2,593	432.17	1,711,203	3,422,406	1,711,203
포포레스랜드 핑크 범퍼카	10	312		198					60			65		294		141	120		24					104	238		120		98	36					196	36				141	76	248	261	65				86	10	66	5												22							60				24	91	294	338	12	154	325											5,077	507,782	3*3	3,075	341.67	5,077,820	10,155,640	5,077,820
포포레스랜드 하늘을 나는 탐험선	6	6		243						3				57	6	96	21	5	8					72	99	60	44		65	48				36	38	12	8			96		13	166	135		7	25	52	16	12	3												3			3	10	43			8			8	17	125	126			4		2	20								12,248	1,224,873	6*8	4,780	99.58	12,248,738	24,497,476	12,248,738
프라이팬									3								2																											4																																															-	488	-	-	-	4,881	9,762	4,881
화이트엔젤 레이스 스크린										5				3										10		4						8		8	2								13	1				4							1																4				2	4				2				5							186	18,660	5*1	372	74.40	186,603	373,206	186,603
화이트엔젤 로고 보드									9					24			12								12										16					6		40	8	8		2							6	6									4													8															481	48,179	4*4	927	57.94	481,797	963,594	481,797
화이트엔젤 메디컬 차트														33			18							30											22							60	11	18								6		12									7					10								11															177	17,751	2*3	393	65.50	177,510	355,020	177,510
화이트엔젤 주사기 스텐밧드														12		12								3	6										8					12			18	18			2		3						1								3			6	2					10				18				3											207	20,751	2*3	407	67.83	207,514	415,028	207,514
힐링 스파 마운트 수건걸이				21				32	24	10		16		84		54		24	12					284	16	88		56	7				16	24	56	18				54	16	6	322	112		124	112	36	4	16													20					80			8			12	12	238	52			12				140		200					4,370	437,075	4*4	3,639	227.44	4,370,759	8,741,518	4,370,759